14464358
49791733
59470308
70422619
137012879
139471244
142725218
164944496
168190192
180296000
255387536
273163770
275618518
305126531
310909405
323666252
329536853
334015268
335404964
352839185
393782034
440927117
441635567
480373473
481210212
495447270
495618908
533486794
538347520
557933095
583085981
624484304
630394783
644576259
666950735
672159379
675879996
711813034
775603506
788023667
805185157
851117876
874684928
895981017
945251552
947708479
949126499
955826760
961470440
980439226
996223337
1011597471
1035216424
1065011988
1116312652
1125009022
1135875740
1144368997
1159187070
1163366189
1165251550
1215868677
1281409987
1294625051
1307725861
1308556161
1321143284
1353241003
1372760334
1389923659
1409717533
1415953466
1430959926
1452308655
1457204684
1484374528
1527264934
1545877716
1557812442
1566944034
1569726384
1582908395
1594759011
1668081265
1676721354
1707148563
1737700925
1741725593
1747022089
1775900930
1847951594
1894280521
1907114930
1907546199
1908136276
1909064913
1943550392
1956579986
1959914001
1966007287
1970446798
1970865308
1977366932
1990348313
2023082077
2065356949
2066180065
2086049551
2144466980
2162176518
2207306572
2215844913
2264906654
2286203988
2338675264
2342801510
2348228691
2388976662
2389381379
2389488009
2397625211
2408486555
2413168772
2460524367
2472662241
2490351074
2494701945
2510173039
2533433153
2602393109
2629768287
2648373847
2672534684
2699585072
2710503729
2734295505
2735964997
2739118282
2765729293
2866045542
2903833429
2922580888
2940542034
2950023601
2959269091
2959689197
2965606636
3012245281
3029028282
3046005610
3085776733
3087856844
3132192536
3137078185
3198505097
3228271251
3318348077
3363468526
3396801770
3433191277
3439895238
3457669230
3465078580
3485021372
3486761785
3563251233
3608618745
3613999034
3616105072
3620450896
3727452471
3731953798
3743682999
3746015300
3798542738
3827445302
3831958583
3836498279
3864150868
3898540754
3900779873
3923189945
3931109270
3965923892
3976256054
4034569709
4037397388
4039684020
4042122911
4042587426
4073544224
4110291015
4149127134
4170079686
4208768569
4209486831
4213557388
4219589526
4234160648
4247088885
