2967750
3160394
11126509
28963841
37542106
39908607
41722166
45702638
45999714
46361312
48338545
51602240
58905777
60397816
66118642
77063330
90913002
95483677
102846452
104103912
106734104
106864090
116954396
118529909
121808515
122147919
127070646
127560991
131887637
136496660
148567793
161204882
163572325
165753924
171121445
173265528
173840579
174296331
182772088
183231591
183676000
188819793
194143358
203982036
232533307
244517534
249183270
252375632
252477314
258299622
262623924
269332141
272260612
276781635
279702006
282815697
291145183
292780915
296150727
305487678
306518446
329527267
330340369
330685832
330889514
331631454
335893611
337007059
341201150
342263293
354780582
358586691
370778693
372572914
381099899
381352983
389943941
393961370
394179085
395441785
401630962
410483299
410526638
418531389
421025616
430381374
433640187
436246933
442041211
446609132
447003417
447329755
459561153
462807778
465249997
475829984
484637804
493503367
498802542
506111294
514790822
515517101
518730121
522508901
523421504
526352648
528192088
530161271
538119645
546578199
551368507
552482680
556948984
563613562
565469147
577674909
579046025
579138042
582283026
582350246
590180935
592585911
593244624
594671727
595673764
597820457
601912396
604924456
612315228
615421205
617584008
620296462
627207751
630620024
636118158
648013134
654128309
660367307
665330459
668987944
675383916
676319026
679549187
680091989
685460734
686152406
693050128
699579542
702723900
702985818
708344386
712594821
716394226
716624929
719711162
725147653
728970920
737204430
745838661
750467922
750885247
754233272
757641700
763570361
768890188
781591674
782694407
783117050
783336242
786180459
792423897
793258536
793941424
806466289
808232995
808679535
822264215
822687079
825427995
827146425
828643701
835289465
838537006
846220660
846630495
856243559
857097745
860926805
861000688
862636050
867277122
872069984
880923702
882999703
885177808
885880036
889382912
892270667
894661047
896001672
901776649
901933370
910496095
911449892
913052589
938832590
941258117
951576638
953065534
959556794
963475305
966566000
973500627
974430146
978233557
989639714
999882334
999914469
1001436911
1008515406
1011735774
1014287601
1016877380
1019364637
1022046740
1023587777
1023669062
1024387717
1027303653
1028252600
1040238723
1042564209
1046757383
1051583504
1067425705
1068594623
1116353603
1117611715
1120473340
1122388565
1123512196
1124788460
1127839307
1132834951
1143408434
1155209265
1159312846
1160695203
1166057899
1173875629
1181842340
1184050823
1188189997
1209810716
1211952773
1215220271
1215488644
1219894356
1220548768
1233159771
1235456608
1243133009
1244100751
1253616568
1256255440
1261136051
1264058784
1265371519
1267320212
1270470294
1275954755
1275998421
1279258394
1279840608
1287125795
1287811818
1287819759
1291081717
1295622522
1298679093
1299497093
1301960185
1311029265
1314967797
1317070262
1317693960
1319905770
1325204199
1326054119
1328826650
1330681598
1331605460
1331754701
1332504255
1332902866
1334580796
1334779249
1341492335
1345632162
1349869210
1351990984
1353535508
1360327707
1362617883
1364203272
1369490560
1369946672
1371168340
1381490669
1385332971
1390120894
1390234475
1390404196
1397502177
1400339771
1401080178
1402728195
1406060211
1408005901
1425644277
1429636276
1430197407
1433610529
1434324028
1435421212
1436868249
1439405166
1440280499
1450694622
1451570755
1457722056
1462081939
1472346306
1472751294
1473757585
1475497663
1478572114
1486229674
1490356234
1495349969
1497504011
1498083918
1501034194
1510819633
1513855255
1524869718
1525760612
1529045669
1541622498
1543230729
1545832802
1552785786
1554526177
1555159259
1556456057
1556660789
1557303151
1560118174
1568722809
1577109786
1579131238
1580570888
1582056389
1589509810
1595962530
1598021301
1610165387
1611423303
1615265038
1618153748
1643806361
1648438868
1648700939
1650671321
1653912789
1654337763
1663973394
1665497375
1666272677
1672136648
1673932205
1674913859
1681352615
1683690416
1685303366
1685879318
1707187769
1714964510
1726762296
1728265399
1728556117
1735126294
1742254890
1742908938
1747948887
1756994982
1760442415
1766470818
1770858953
1773899722
1781535816
1786942668
1790098725
1793172153
1794116926
1795073881
1810093926
1817708045
1817861143
1823218012
1827525942
1829884053
1837494073
1844091778
1848452568
1854976889
1855574957
1857870079
1859068363
1864179462
1865378032
1866223160
1871673943
1894958659
1898392778
1899782029
1906373051
1906753552
1907291576
1908427699
1912619998
1923252961
1924768172
1926793844
1934276709
1934501000
1940100320
1940502383
1942910604
1942949025
1947286066
1953479587
1964277736
1973401147
1977047156
1980299859
1988493284
1990211692
1990910198
1991334898
1991669382
2000057690
2011479465
2018647050
2020844275
2027035770
2027744106
2029687408
2031234730
2033118145
2044585485
2048274163
2050807039
2053006993
2063963553
2073491671
2076709747
2078423174
2080629537
2082216527
2082644110
2083941495
2088454187
2093525883
2094294825
2104008270
2107754438
2111000837
2111727287
2119225979
2121955063
2127034384
2128756150
2137128980
2141969768
2147636141
2156971155
2157098960
2158515518
2162724481
2167863225
2177012204
2189810620
2190928141
2192213639
2192532860
2197659860
2198056525
2199187701
2207692378
2208509392
2209638855
2213452708
2214996814
2218450477
2218537870
2223843449
2225310695
2238142399
2241533306
2241635750
2245362198
2249920844
2255679167
2257473411
2260432988
2261538436
2270286192
2272651566
2278373249
2283332423
2285252191
2287035450
2287901509
2289240688
2291946466
2296073370
2296889943
2298254193
2299190106
2300106511
2304808197
2307619798
2310452631
2320869313
2324547878
2325713127
2340971316
2343302241
2346617316
2347249919
2349400010
2353184925
2362546468
2366023314
2366582320
2370710601
2381055915
2394315421
2394658839
2399568613
2402018275
2418191453
2421890054
2423691093
2424541302
2424681136
2436634477
2437864293
2441368695
2443556756
2447022847
2450893706
2451160659
2456807484
2457210361
2459427640
2459739584
2463320439
2464482339
2474624371
2479491525
2484448873
2485449489
2486571142
2491483486
2492726780
2497221374
2497962348
2500217880
2514287635
2520265786
2523428202
2530169474
2531544237
2538175336
2547546995
2551684007
2555976175
2559297687
2560512009
2563993214
2565105051
2568471149
2570891902
2571462777
2576562289
2580382226
2584035038
2584610344
2585682542
2586406277
2589354603
2602866105
2611125557
2616289864
2623176815
2626226630
2627058529
2627523299
2628231379
2635800551
2636170614
2643673627
2645599932
2657193975
2657373066
2660581966
2669354926
2674200549
2693358796
2694173315
2700179071
2709145113
2710582083
2711606041
2723735573
2731110399
2734411471
2737293698
2739805945
2740213949
2743357596
2747112529
2747264713
2747285746
2747601865
2762048670
2763887346
2767112063
2767442415
2768631669
2768757899
2774121833
2775980879
2779251927
2784144518
2788492014
2793321316
2794423707
2796966968
2808369802
2810201729
2810389972
2814321679
2814704916
2816297602
2822508850
2836279182
2837853947
2839648696
2845209713
2845376846
2847926356
2857415951
2858572474
2859531542
2859964595
2864849567
2870126448
2881419967
2881445902
2882810967
2887412463
2889638748
2892527567
2897412026
2898537536
2905988848
2928840965
2938974932
2941344252
2953797384
2966155859
2969605163
2969802933
2975512206
2981203274
2985370664
2990200165
2990242203
2993000739
3004024298
3005586367
3006609027
3008121856
3010372616
3011282228
3012158167
3012564825
3013860517
3014402818
3016631982
3018708103
3019087867
3028129743
3030556316
3037310925
3037357749
3037389279
3040798841
3044921407
3051787085
3052638651
3053333849
3060621711
3064926431
3069654380
3069915337
3070896212
3072760108
3077554320
3081763207
3087737866
3091057652
3095566882
3109392082
3111709860
3114749153
3115867736
3120064084
3121374098
3124265607
3132357036
3137358405
3143291447
3144076859
3149505161
3160315171
3161058082
3162830795
3169711842
3174962217
3179482292
3186453629
3196000298
3197647817
3202988946
3203257321
3220736039
3230767520
3233290291
3235303796
3237684715
3244292977
3245143187
3249134191
3252615861
3253942619
3255562698
3270408468
3270609568
3284349105
3288266150
3292187337
3296285590
3297640308
3297701428
3301393150
3302521659
3308643545
3311347210
3319869727
3324303803
3331903418
3342983507
3344473624
3356942478
3361591726
3363830509
3364183966
3368896206
3377375327
3377867204
3386758661
3389800158
3395602384
3401552391
3402410816
3404201810
3405441070
3411389578
3412265368
3420847214
3423004845
3428518125
3432134070
3435393500
3444749105
3445041617
3449694141
3458240023
3458569409
3461363042
3462566599
3463670552
3465276092
3465581692
3465795483
3467633226
3470990115
3471227197
3476034811
3481234876
3482347670
3483859499
3486353282
3490505336
3492468739
3492825021
3496093093
3517200155
3518920714
3519002055
3522849536
3523917507
3533219190
3538756898
3549432995
3552242472
3560067871
3561623854
3562507832
3570118396
3573539050
3582396017
3588537871
3593388318
3594323558
3596686832
3599758705
3603083814
3603435054
3612639119
3614250147
3620796735
3623190313
3624595882
3625510034
3629820291
3631163047
3632372324
3643846560
3652076352
3661700380
3662603251
3668229357
3669490016
3672291609
3688523122
3689638104
3690155938
3693385831
3693981303
3697459084
3701337335
3704080822
3704688459
3710098390
3712853940
3715630086
3724608050
3729838552
3742751756
3746026394
3752075873
3753645018
3768012376
3768389063
3768759221
3769775492
3771175501
3776421712
3779542784
3782483051
3799256672
3816378911
3822781790
3826475404
3828253856
3841300553
3843993895
3847453527
3852450089
3853588112
3857975270
3867275840
3873317523
3876318065
3876602595
3881677250
3894717631
3911635073
3918101791
3920280772
3921410468
3927171479
3927846626
3927963120
3933873232
3939945542
3942640731
3946721676
3953359578
3957559258
3961792952
3962871695
3963188704
3967637314
3967776650
3982525394
3984504480
3995176330
4003882435
4008100889
4010689212
4017733309
4018342160
4022239590
4024269370
4030302375
4032380875
4040282550
4045017124
4045662874
4057088246
4063042450
4064812753
4079231068
4081995306
4090795578
4094164503
4094985946
4095527117
4104040591
4105211419
4106688981
4107609396
4112966642
4117755606
4120025403
4122507869
4124972061
4131267082
4136062546
4136246354
4140270195
4145489221
4150139114
4159729729
4164934496
4165754587
4165921542
4166770882
4174457175
4176727056
4179781791
4183129898
4185550168
4187965458
4189258453
4191038413
4199835083
4199995871
4201251950
4203950015
4204667977
4209495962
4210120946
4213597465
4217930257
4219380165
4225942904
4226625467
4234192268
4238862013
4243140048
4246153135
4246530111
4246567470
4250226316
4256193215
4264307743
4265468980
4267654663
4276365789
4277039307
4283050908
4286164045
4286480753
